4320582 
1340012 
949141 
2410088 
3504456 
3296373 
1990393 
4007155 
1517140 
4233 
1408584 
1649733 
2347218 
750833 
46803 
2158637 
3227905 
3456865 
1052310 
955630 
1848543 
17568 
1331595 
424719 
410969 
4756109 
1973868 
938496 
508692 
3897366 
1780593 
139776 
238255 
3428653 
3957954 
2108484 
1062089 
1596402 
3424507 
2285849 
3349753 
775020 
4459463 
4886475 
4940989 
2323321 
1099389 
2805 
4835082 
4842528 
1344228 
3444646 
2134195 
1657566 
2741267 
3807552 
1174410 
4928220 
1458353 
4168587 
4147530 
2079030 
2635170 
304040 
2358408 
2360089 
2083806 
1372709 
719117 
2645115 
1769540 
1198015 
1778509 
4863010 
2356971 
4289614 
2793645 
682945 
4671765 
4431190 
2753929 
2484482 
3412086 
1581261 
2061971 
4964539 
3919629 
4652409 
2264873 
2997499 
937879 
2709642 
706200 
14380 
718250 
3985535 
1693381 
335531 
3797350 
1429846 
4165469 
3365690 
999303 
4628310 
2766127 
719782 
1248147 
4627204 
2803052 
3519658 
107196 
3848914 
2563691 
590547 
1465811 
3286147 
1318506 
3214247 
3533181 
2503374 
759188 
2420081 
1822140 
2352312 
2998385 
2936219 
3666516 
2997046 
4182548 
2088384 
4012301 
1253422 
4962690 
242415 
1737658 
4224157 
2111740 
3736911 
195335 
3672519 
2048784 
217735 
1217382 
1673024 
702909 
4307362 
2745782 
3333979 
838726 
3408083 
1858456 
694828 
381613 
2094590 
264037 
2733492 
3984202 
2609257 
1507506 
4572661 
920445 
2976766 
4675217 
631446 
1089257 
1907955 
786405 
1506987 
4643685 
1343820 
3730563 
3007592 
237921 
232937 
4551088 
3379759 
232083 
1939831 
252220 
2716599 
4612832 
3508746 
716163 
1487159 
4486166 
835613 
3859217 
2812896 
4552338 
2158297 
3019282 
3380000 
2247933 
3299693 
544992 
2740299 
1581126 
3127648 
2999926 
2636071 
1723693 
2160453 
1735878 
3531034 
1522937 
4543058 
1575392 
2981739 
762031 
455511 
3582245 
1280249 
4654492 
4848219 
4839325 
2250114 
1842940 
1196150 
1449441 
537293 
2512539 
3193146 
1376467 
3449637 
4693722 
2142702 
1177260 
2885884 
758397 
591268 
2448517 
4497071 
684188 
4536560 
3411823 
552997 
3557857 
4508783 
3695633 
3563062 
437769 
1533408 
318016 
2220316 
4471327 
3209305 
1777928 
4261536 
2917727 
4439269 
3579708 
120890 
4645625 
813475 
1449361 
4555270 
1883640 
2193937 
4909835 
4654711 
1841408 
1035577 
505483 
4305087 
1311170 
194330 
941691 
627569 
1566542 
35621 
2720055 
1555929 
242150 
3479029 
3035876 
2032076 
3288855 
1401553 
2173083 
164783 
4310217 
2174957 
218560 
3049033 
287056 
244205 
4299784 
2605895 
1004357 
717161 
2717965 
4797090 
3960448 
3456355 
1579569 
3565010 
1541899 
2923832 
4044239 
4302554 
4442883 
146949 
923019 
4902275 
4512232 
3176817 
3617268 
3309505 
1333147 
2230973 
2432448 
4097998 
2998466 
380279 
3236577 
1456526 
3682720 
1109029 
2608963 
3243950 
3271665 
4933382 
1128933 
749214 
4908907 
3263493 
3614489 
833809 
1077284 
1729946 
4792687 
400564 
551146 
2299886 
561383 
726260 
3331817 
1303593 
4648111 
4238682 
89042 
4759913 
1486068 
4555003 
2696253 
3867193 
906693 
4086742 
2517481 
626397 
347827 
3412867 
1991720 
999718 
1306517 
3019898 
416485 
4676391 
3963744 
3619680 
2243989 
1460424 
4088854 
4282341 
2172064 
4177667 
1961135 
2971204 
2935796 
254029 
917386 
713143 
336293 
4913416 
4632958 
4469690 
3309077 
205759 
408831 
3259641 
2305024 
2357756 
1911042 
1875344 
1849463 
539117 
3428648 
2208757 
1989785 
3271270 
2209490 
2608320 
1297509 
448886 
3722682 
2001012 
3574331 
344415 
1468562 
22501 
980777 
3500059 
168339 
2738203 
1318920 
4321769 
2704886 
3381038 
529728 
1684462 
221036 
93966 
2466168 
827241 
205172 
1347762 
2418822 
2499974 
2782856 
4751287 
937238 
3543183 
3899972 
526875 
1367262 
4947785 
4778767 
1787020 
3989900 
1231428 
3843349 
317751 
1858346 
4702253 
1681638 
1316572 
500053 
2560587 
3292192 
2863579 
2379836 
1433769 
3485794 
538705 
674054 
2826922 
797362 
1864456 
3259778 
3093117 
4373999 
2490679 
1541485 
386946 
3956988 
597057 
3299309 
4307915 
4316364 
4666979 
857195 
2729916 
351810 
4151026 
1848866 
704109 
3951600 
4554980 
2861369 
2148737 
21703 
344821 
3796199 
84271 
486186 
2411321 
3110250 
4071732 
4377024 
650128 
1857370 
1167668 
1678061 
788164 
2506006 
940175 
585564 
1296228 
2090619 
893438 
4437792 
2936184 
2502278 
1041578 
489476 
4945805 
298995 
212762 
693046 
2280521 
1314142 
1637574 
960411 
468107 
4508609 
644136 
3335048 
4442013 
2883915 
561523 
4242138 
3800160 
1047940 
3285507 
2963849 
1127613 
3222826 
2426379 
2517495 
1056061 
964606 
2765107 
353990 
4657002 
3636011 
3417102 
2422311 
3588159 
524171 
3833738 
2705090 
283702 
3014139 
2310361 
1751142 
4144092 
4891913 
3842854 
1687933 
3793704 
4077867 
2711711 
1892522 
160047 
4900154 
1403880 
3048814 
3753290 
3876913 
2491903 
4177893 
3215730 
1538664 
4235680 
388756 
3326402 
1361482 
3807048 
574682 
4126920 
3151486 
2041192 
367040 
279109 
2817122 
4454076 
4327006 
3741306 
4480966 
1751440 
1946664 
3167295 
3416008 
939888 
3748357 
902145 
1078227 
3485550 
3630991 
191061 
3296756 
1019453 
1164752 
1329333 
4892557 
2716543 
1024909 
775778 
1410422 
2823255 
1161642 
4232709 
3773241 
63352 
2076018 
2838899 
1849518 
1076497 
4058178 
669940 
46428 
4350885 
2284191 
1345176 
2400144 
4846419 
2446449 
2851854 
3640686 
3516243 
4430848 
2756818 
757878 
3886424 
2798648 
2520251 
1497199 
1212026 
1693465 
3502398 
3016298 
4306236 
4214481 
3834835 
1293742 
4728714 
4071327 
2835597 
700401 
2871214 
4967278 
4688422 
1537874 
4483148 
1451352 
3610022 
4466265 
4630433 
2913229 
1548222 
2771279 
38228 
120757 
4255112 
33617 
3757105 
2684763 
3250493 
2999399 
4804976 
309091 
4273170 
4713517 
544806 
2095086 
3719652 
3464097 
2565990 
1597223 
4463907 
448159 
969013 
3755374 
2469508 
1511795 
440148 
3789277 
1367132 
2698805 
4378166 
3660522 
3148077 
2630590 
2786429 
4017029 
1966141 
1918315 
4793191 
1784912 
1317099 
3883034 
1678570 
4337108 
507086 
567988 
762278 
485184 
691124 
215539 
3001174 
1427895 
1055769 
3321001 
2868165 
3761447 
1752497 
4135656 
3591838 
433514 
832329 
4354121 
1904040 
116440 
2926966 
755697 
4496855 
2605569 
3754793 
2575293 
922849 
1744945 
4443315 
3115020 
1103418 
1999846 
3171408 
2634708 
4374640 
2534476 
2174163 
4854632 
296087 
226811 
1915705 
4576690 
4267155 
2711938 
1191274 
3276406 
2628989 
4597124 
2408533 
534705 
1972262 
2987426 
851033 
4685021 
4368104 
2648209 
4634945 
1962478 
3539317 
4930931 
4926578 
4924767 
4742802 
4101343 
1464586 
2812458 
2322933 
2844251 
4856279 
954997 
2994225 
2773970 
109955 
1502974 
2921019 
348930 
4094357 
262692 
626775 
3572476 
796115 
373501 
3097829 
4632497 
2058247 
4517715 
1865654 
3176252 
3759894 
4154372 
3013375 
3660966 
3450555 
231835 
2616465 
749123 
1398233 
3779472 
2433532 
497669 
2046509 
4787431 
3867656 
3008412 
1952684 
3155327 
2354271 
538666 
93 
2324242 
1461435 
900681 
4691900 
2765876 
913852 
284537 
3183847 
2994396 
786803 
838412 
4573160 
905012 
688458 
3491663 
2105521 
929280 
3644265 
1700148 
2151771 
667114 
2176138 
2955262 
1888065 
667282 
2661310 
1195928 
1740206 
4443735 
1125757 
4562681 
1034675 
4139563 
2689305 
456470 
1188081 
4657891 
4663566 
4137571 
1426321 
2918374 
3736047 
2608952 
2014830 
871526 
4779013 
113002 
3132603 
4916501 
4561889 
2460668 
935278 
3908440 
2235630 
2493551 
92917 
3543318 
2195223 
1114930 
7073 
4388087 
2920003 
2287952 
4206239 
2021848 
473965 
4179633 
781596 
1541449 
3989759 
304857 
1761221 
4385624 
3904593 
4351193 
4386561 
3449311 
2002796 
3128803 
55708 
3390359 
2520659 
1137587 
3822778 
1853095 
1447996 
1958283 
4719726 
4182535 
3134118 
3115756 
4177456 
2441599 
4021051 
3679053 
3974169 
4986653 
392287 
4412201 
3385386 
1091032 
3964433 
1993069 
1130354 
2042205 
2918825 
2060881 
2643299 
2249450 
3983121 
780403 
540233 
4360500 
4120907 
2875635 
1209541 
4730682 
461345 
4833722 
2870348 
4541993 
1875329 
1714214 
3666220 
549265 
3401299 
3841264 
3644881 
4200816 
4596490 
1553646 
3655287 
4104326 
2160102 
3901894 
2270324 
4329080 
1549970 
2704482 
459081 
3883888 
476550 
3667359 
2849885 
603785 
1918591 
2352724 
3302227 
489076 
28108 
2949699 
3745687 
3804979 
2675903 
2688548 
4706452 
2921981 
4094043 
2621982 
3176167 
3553947 
2559858 
1126508 
3215372 
4953575 
392953 
2748583 
1378359 
4013782 
1809349 
1144499 
1308580 
4667538 
1543077 
3660945 
1779958 
4373957 
4747667 
438519 
3078396 
216816 
4277125 
1007124 
1623972 
3227311 
1937916 
1486472 
62290 
2361210 
4558786 
170978 
278656 
930287 
2483126 
2569172 
3711220 
588891 
1260034 
663877 
4431443 
1593624 
3468801 
1139866 
1804025 
2123464 
1924106 
2052654 
2583280 
981140 
3374438 
1312683 
4920211 
148577 
3167883 
2536993 
4678483 
4227821 
3529987 
1308684 
215991 
1656752 
1425058 
412717 
1639300 
1412692 
370339 
234540 
3037836 
4966115 
2544502 
929955 
2337860 
2127748 
4918941 
3432465 
1200167 
747564 
452174 
3324840 
527894 
144540 
4584144 
1216096 
966868 
1628916 
397647 
48840 
1377313 
3708218 
2912570 
1977646 
910172 
2345481 
37464 
1019044 
1767306 
2078753 
2052214 
4851624 
3172624 
2150673 
4755929 
4712738 
847763 
4867090 
1342238 
184607 
4819987 
4342754 
418125 
30192 
4913330 
101406 
4969939 
2423100 
828858 
2060583 
3399606 
3943513 
2225711 
864945 
1778592 
3030237 
594972 
3868502 
2343556 
1850031 
241266 
846922 
3188837 
2358444 
4528620 
3718181 
2779746 
3021014 
136991 
698719 
595364 
1948146 
2329860 
3207108 
4101241 
3440023 
4218296 
1152881 
2166834 
4943620 
1981103 
4932434 
4789530 
3044686 
1459621 
547914 
3723390 
1442055 
3057095 
1593157 
970290 
155900 
1668018 
2210695 
3737280 
3076736 
3772298 
4501973 
4269281 
746544 
933131 
1636972 
2242889 
4952265 
2589996 
3388445 
3110053 
4841178 
3712845 
3848001 
63615 
809845 
3550010 
51649 
430642 
841835 
3725144 
3779578 
1114200 
1154515 
1150633 
4846545 
2453010 
3714123 
1236714 
507057 
2662975 
4497249 
4778715 
2130531 
1201237 
4226233 
50752 
4728923 
4130738 
1913235 
636296 
4306320 
281539 
4744992 
4700875 
4797019 
4924862 
2361898 
1159363 
376845 
1809390 
3801349 
2763061 
4747909 
2083247 
2382620 
1715488 
1150819 
288744 
4919110 
624413 
3559591 
1615906 
2570811 
1506571 
502606 
4514905 
1697249 
4379709 
1943858 
963825 
35605 
1191589 
4081908 
1535042 
3526373 
3889627 
793390 
98592 
480410 
4661553 
1838848 
3713869 
1240938 
4883661 
4307721 
2080874 
4833614 
793208 
4657223 
2934485 
4615230 
1963260 
4164207 
1188267 
2409206 
2690029 
3740831 
892033 
1548622 
2605251 
4463862 
805524 
108602 
1204874 
159890 
1291541 
3959232 
968411 
1709656 
662326 
467902 
2824952 
1813415 
3200850 
4366078 
1625789 
4265611 
90805 
2475833 
3558485 
4206983 
134409 
4311475 
4154831 
4224336 
4490709 
1562871 
3296785 
802997 
4752993 
1865638 
4215412 
2592966 
3245453 
186263 
1379032 
1623606 
1337103 
4114116 
169059 
2913163 
1225865 
3280915 
959780 
1664554 
3423543 
4056265 
1432217 
245957 
2585944 
35607 
3099121 
4983119 
3993977 
2920142 
2278895 
979288 
4413058 
1267720 
464964 
3106336 
383085 
4632864 
2755050 
3995833 
4689773 
107212 
3701348 
3860877 
2236902 
2121288 
1274050 
4665753 
913936 
1839149 
2936924 
3082573 
263303 
3294565 
245945 
2778564 
4677289 
4945362 
2473325 
3592685 
4717908 
1232179 
994005 
3663551 
1716741 
2786477 
2747155 
2574999 
4123023 
545026 
1391674 
1998264 
2201009 
1674085 
4576965 
1831305 
1106363 
4492868 
200530 
184493 
4263633 
2838987 
3884731 
1053002 
201289 
1586814 
3899472 
163374 
2783073 
1665023 
1835701 
949070 
286331 
3694959 
3048080 
1816838 
4078984 
1453307 
3434524 
3914759 
1782412 
1433744 
3120949 
4613279 
1159683 
2483601 
2377110 
2171859 
2538931 
559859 
919312 
1413576 
3103900 
3515222 
2396165 
4829703 
897376 
3947862 
2727372 
126261 
4533363 
2735669 
2964242 
2014596 
2131766 
4073162 
4061893 
4168554 
1310896 
721531 
258228 
1598705 
4266012 
3450924 
2843830 
1944581 
992732 
1217210 
889294 
4865461 
3836833 
2614635 
675327 
1632887 
4044332 
615211 
2854442 
2769301 
3287629 
2902850 
895794 
834224 
3205218 
1467483 
2982702 
1978681 
3782173 
2057953 
1270918 
4225220 
679875 
4760317 
2474349 
1207486 
2717229 
1915331 
3686221 
4624861 
2726935 
3528018 
3646443 
1815533 
3975435 
1537491 
2947750 
4235435 
4966257 
2694544 
4922840 
581602 
1249457 
3144770 
1791910 
4893235 
1047433 
2777906 
2618793 
469777 
30455 
3428066 
4351460 
4980633 
4059685 
1874510 
2100722 
2486153 
4782048 
3404019 
528549 
2111908 
4286026 
1086591 
3681104 
3735040 
3623520 
2674029 
1009115 
1464024 
2041213 
1407020 
1863738 
748868 
1890251 
216056 
4158390 
324744 
3581698 
4399471 
4052311 
2172503 
153661 
1212750 
1833271 
2649593 
2045338 
4898222 
4066487 
978448 
1653693 
4711621 
3400758 
2805650 
2124789 
4283897 
1222492 
1043247 
3324679 
865200 
4698989 
3606578 
811918 
4347492 
4946536 
3602569 
3068958 
2285326 
3949273 
3212032 
3424343 
1690526 
4466642 
1941946 
2404579 
2491400 
2549110 
717011 
2413957 
4944865 
3603014 
874987 
4857868 
1669393 
949105 
4166964 
4490843 
3844229 
1202721 
2576530 
2218544 
1582473 
994359 
804063 
1166886 
3672328 
4289378 
1135596 
4509758 
982183 
662877 
623113 
1176583 
1686350 
2161114 
670136 
263905 
3168995 
560808 
3308294 
4859605 
4373883 
3892340 
4520341 
2947556 
1700036 
3456492 
121844 
1717348 
1590682 
4900705 
1940147 
3073030 
1686671 
453660 
4250178 
3002979 
4240257 
3160322 
3036652 
4885312 
4328583 
3122508 
3922576 
2763608 
4609040 
739810 
4161012 
1180236 
4259501 
3425678 
3186727 
1629096 
1229531 
1127148 
4271068 
3278786 
2507638 
433579 
574496 
2834250 
694355 
87659 
186141 
1756397 
4186844 
4713633 
3028130 
2719030 
2806918 
4658105 
1127013 
225154 
775526 
4113865 
1662005 
1874922 
2877870 
3869137 
2312400 
408131 
4328460 
2740905 
2088062 
2549487 
2955594 
2472193 
2466458 
4757096 
1701199 
954502 
1152142 
3570980 
4924697 
4962920 
1541652 
1123527 
4579421 
4698413 
2035615 
4309412 
1644141 
3167375 
4416444 
3467350 
4311171 
2892780 
2024179 
2931840 
1132378 
825636 
669023 
1655593 
4364919 
4543443 
613527 
3734641 
823213 
2197869 
1578431 
131687 
1087770 
4289385 
885102 
3681175 
1385532 
4366713 
4743606 
2356925 
4448153 
3647192 
661599 
4659891 
1923052 
4958272 
4942543 
3262567 
2383747 
493302 
4015567 
1600808 
728458 
4754183 
2084931 
3400423 
4790662 
2440915 
4795082 
3335376 
86361 
4362748 
1736568 
4033304 
4979522 
2126153 
3011693 
3548074 
2396846 
4266179 
813670 
1876933 
2588597 
4538374 
221163 
1564812 
4979072 
1560317 
4709623 
3767942 
374991 
2579193 
2733625 
3077629 
2115105 
4589941 
3807341 
4837001 
3995560 
2243338 
3844700 
3080986 
3295768 
4582558 
3454855 
981443 
3721153 
826559 
3766412 
2277905 
3433023 
1029802 
3156170 
2369605 
1230529 
1556402 
4145666 
446327 
2450454 
734806 
4887844 
75974 
2346946 
2336573 
3262161 
658759 
3069555 
392839 
418577 
3731538 
3180130 
509467 
3955526 
2716167 
1889896 
566595 
1559355 
3071831 
1173155 
1966217 
427891 
4169910 
2464469 
2499212 
340182 
3304903 
3041586 
802675 
838923 
1230524 
3388873 
2904526 
4924267 
2739951 
1061323 
3027027 
2485748 
969028 
4260262 
4775413 
3186441 
1888309 
1373757 
1827065 
1540693 
2472009 
1412199 
1653125 
191715 
4655954 
4309145 
4036184 
1378147 
527172 
3179253 
3413584 
3931094 
1706528 
3393287 
4462540 
146357 
371342 
988306 
56755 
80724 
3057035 
2124747 
4174464 
1018036 
4018565 
29305 
3621546 
2304199 
1411046 
3799056 
521482 
2641542 
2396300 
213070 
1046274 
2157616 
586107 
3610064 
721586 
4447018 
645680 
870434 
2374110 
914553 
3955255 
4039812 
3536897 
928645 
4758206 
4833582 
1455152 
1478664 
1073241 
4631509 
2185600 
2278370 
4319288 
1226141 
582016 
441842 
973164 
3606522 
2588645 
4482848 
2341533 
1675035 
3335383 
3016603 
1307759 
4873143 
438126 
2606204 
176909 
3064060 
3136784 
2521445 
4416568 
1714684 
3204605 
4659250 
1197867 
1981943 
1012637 
1842048 
55006 
3394572 
193706 
3498897 
3264439 
4610964 
246604 
2265849 
2913236 
4641662 
3424273 
2858273 
2860986 
76175 
3240279 
3108497 
1652558 
3664996 
2439407 
730852 
2401854 
1576283 
2175289 
1262337 
491112 
3744461 
4732938 
583086 
284537 
323626 
605088 
1365573 
2392272 
3945226 
4431930 
3125576 
1803343 
373221 
3505062 
2019373 
4026566 
2923149 
3388490 
4378873 
656959 
4795074 
3221119 
4916993 
4447861 
4371752 
546441 
819444 
2051815 
3580295 
473324 
4175017 
1557154 
2607539 
4120613 
4705431 
1420409 
2736516 
1693415 
3254988 
3901263 
886042 
4905543 
552688 
2529625 
4488624 
866393 
3190470 
3952117 
3285310 
1659565 
4199385 
4383689 
4730606 
1541172 
345476 
4615662 
460780 
3869978 
440039 
578312 
2811485 
3880012 
4488467 
2549989 
494416 
1238515 
3070974 
377597 
3286615 
2026189 
48607 
4437247 
252703 
2644764 
536212 
239433 
4580378 
214677 
108152 
2080995 
4766038 
1697010 
390291 
1433199 
1982789 
1528154 
1369597 
4209129 
428530 
2030509 
3125812 
71884 
4315419 
2689829 
786736 
234999 
3337074 
4231025 
3475525 
1795376 
454986 
4596322 
2357835 
2510220 
3213301 
1539251 
1870380 
2384842 
3800933 
1179131 
188502 
2524439 
4154701 
4868427 
4177885 
854086 
3008490 
2788232 
4292669 
478174 
1732265 
392810 
3651814 
1114418 
2589779 
4022915 
3948328 
203932 
4550856 
4411126 
2424869 
237087 
1331263 
3221013 
3555339 
480429 
3495698 
2549243 
